18
19
12
6
12
8
4
10
17
15
19
18
15
13
2
4
15
16
18
18
15
4
2
13
0
1
6
3
2
6
9
1
1
18
18
11
15
7
16
7
12
2
16
3
11
13
7
14
7
8
13
1
5
10
3
1
9
0
10
15
6
5
0
10
14
6
2
15
18
0
3
7
7
9
9
3
7
17
10
11
2
0
5
5
16
6
0
2
12
15
4
15
2
7
17
18
15
14
3
15
14
9
13
7
11
8
4
12
12
12
13
17
11
0
2
14
19
5
15
18
15
8
12
17
16
4
15
18
7
9
11
17
15
4
18
3
17
0
5
14
18
3
4
18
0
19
5
2
14
2
4
9
4
7
18
2
4
0
18
19
15
16
3
1
5
19
10
4
7
9
16
8
0
12
3
13
2
10
4
3
14
1
19
9
9
1
19
6
15
16
16
15
8
15
17
4
4
7
5
11
18
8
3
0
12
18
14
5
6
10
12
7
18
6
19
11
5
14
2
11
14
19
19
16
13
19
4
17
19
6
8
15
3
15
3
16
8
7
12
1
2
19
4
8
4
5
18
17
19
1
1
13
6
0
13
13
10
13
0
16
5
15
17
8
2
10
10
18
5
14
9
6
12
18
2
15
3
19
5
9
18
1
19
12
13
3
12
17
18
7
7
